# theta	P(theta)
-179.5 0.00169274
-178.5 0.00169118
-177.5 0.00169005
-176.5 0.00168935
-175.5 0.00168907
-174.5 0.00168921
-173.5 0.00168976
-172.5 0.00169072
-171.5 0.00169209
-170.5 0.00169385
-169.5 0.00169601
-168.5 0.00169856
-167.5 0.00170149
-166.5 0.00170481
-165.5 0.0017085
-164.5 0.00171256
-163.5 0.00171699
-162.5 0.00172179
-161.5 0.00172693
-160.5 0.00173244
-159.5 0.00173828
-158.5 0.00174448
-157.5 0.00175101
-156.5 0.00175787
-155.5 0.00176507
-154.5 0.00177258
-153.5 0.00178042
-152.5 0.00178857
-151.5 0.00179704
-150.5 0.00180581
-149.5 0.00181487
-148.5 0.00182424
-147.5 0.0018339
-146.5 0.00184384
-145.5 0.00185407
-144.5 0.00186457
-143.5 0.00187535
-142.5 0.00188639
-141.5 0.0018977
-140.5 0.00190927
-139.5 0.00192109
-138.5 0.00193316
-137.5 0.00194548
-136.5 0.00195803
-135.5 0.00197082
-134.5 0.00198384
-133.5 0.00199709
-132.5 0.00201056
-131.5 0.00202424
-130.5 0.00203814
-129.5 0.00205224
-128.5 0.00206655
-127.5 0.00208105
-126.5 0.00209575
-125.5 0.00211064
-124.5 0.0021257
-123.5 0.00214095
-122.5 0.00215637
-121.5 0.00217197
-120.5 0.00218772
-119.5 0.00220364
-118.5 0.00221971
-117.5 0.00223594
-116.5 0.00225231
-115.5 0.00226882
-114.5 0.00228547
-113.5 0.00230225
-112.5 0.00231915
-111.5 0.00233618
-110.5 0.00235333
-109.5 0.00237059
-108.5 0.00238796
-107.5 0.00240544
-106.5 0.00242301
-105.5 0.00244068
-104.5 0.00245844
-103.5 0.00247628
-102.5 0.0024942
-101.5 0.0025122
-100.5 0.00253027
-99.5 0.00254841
-98.5 0.00256661
-97.5 0.00258487
-96.5 0.00260317
-95.5 0.00262153
-94.5 0.00263993
-93.5 0.00265837
-92.5 0.00267684
-91.5 0.00269534
-90.5 0.00271386
-89.5 0.0027324
-88.5 0.00275096
-87.5 0.00276953
-86.5 0.0027881
-85.5 0.00280668
-84.5 0.00282525
-83.5 0.00284381
-82.5 0.00286236
-81.5 0.00288089
-80.5 0.0028994
-79.5 0.00291788
-78.5 0.00293633
-77.5 0.00295474
-76.5 0.00297311
-75.5 0.00299144
-74.5 0.00300971
-73.5 0.00302793
-72.5 0.00304609
-71.5 0.00306418
-70.5 0.0030822
-69.5 0.00310015
-68.5 0.00311802
-67.5 0.00313581
-66.5 0.00315351
-65.5 0.00317111
-64.5 0.00318862
-63.5 0.00320603
-62.5 0.00322332
-61.5 0.00324051
-60.5 0.00325758
-59.5 0.00327453
-58.5 0.00329135
-57.5 0.00330804
-56.5 0.0033246
-55.5 0.00334102
-54.5 0.00335729
-53.5 0.00337341
-52.5 0.00338938
-51.5 0.00340519
-50.5 0.00342084
-49.5 0.00343632
-48.5 0.00345163
-47.5 0.00346675
-46.5 0.0034817
-45.5 0.00349646
-44.5 0.00351103
-43.5 0.0035254
-42.5 0.00353957
-41.5 0.00355354
-40.5 0.00356729
-39.5 0.00358083
-38.5 0.00359415
-37.5 0.00360725
-36.5 0.00362012
-35.5 0.00363275
-34.5 0.00364515
-33.5 0.0036573
-32.5 0.0036692
-31.5 0.00368085
-30.5 0.00369225
-29.5 0.00370338
-28.5 0.00371425
-27.5 0.00372484
-26.5 0.00373516
-25.5 0.0037452
-24.5 0.00375495
-23.5 0.00376441
-22.5 0.00377358
-21.5 0.00378245
-20.5 0.00379102
-19.5 0.00379927
-18.5 0.00380721
-17.5 0.00381484
-16.5 0.00382214
-15.5 0.00382911
-14.5 0.00383576
-13.5 0.00384206
-12.5 0.00384802
-11.5 0.00385364
-10.5 0.00385891
-9.5 0.00386382
-8.5 0.00386837
-7.5 0.00387255
-6.5 0.00387637
-5.5 0.00387981
-4.5 0.00388287
-3.5 0.00388555
-2.5 0.00388783
-1.5 0.00388973
-0.5 0.00389123
0.5 0.00389232
1.5 0.00389301
2.5 0.0038933
3.5 0.00389319
4.5 0.00389268
5.5 0.00389178
6.5 0.00389049
7.5 0.00388882
8.5 0.00388678
9.5 0.00388435
10.5 0.00388156
11.5 0.0038784
12.5 0.00387487
13.5 0.00387099
14.5 0.00386675
15.5 0.00386216
16.5 0.00385723
17.5 0.00385195
18.5 0.00384633
19.5 0.00384038
20.5 0.0038341
21.5 0.00382749
22.5 0.00382056
23.5 0.00381331
24.5 0.00380574
25.5 0.00379787
26.5 0.00378968
27.5 0.0037812
28.5 0.00377242
29.5 0.00376334
30.5 0.00375397
31.5 0.00374432
32.5 0.00373438
33.5 0.00372417
34.5 0.00371368
35.5 0.00370292
36.5 0.0036919
37.5 0.00368061
38.5 0.00366907
39.5 0.00365727
40.5 0.00364522
41.5 0.00363292
42.5 0.00362039
43.5 0.00360761
44.5 0.0035946
45.5 0.00358136
46.5 0.0035679
47.5 0.00355421
48.5 0.00354031
49.5 0.00352619
50.5 0.00351186
51.5 0.00349733
52.5 0.0034826
53.5 0.00346766
54.5 0.00345254
55.5 0.00343722
56.5 0.00342172
57.5 0.00340604
58.5 0.00339018
59.5 0.00337415
60.5 0.00335795
61.5 0.00334158
62.5 0.00332505
63.5 0.00330836
64.5 0.00329152
65.5 0.00327453
66.5 0.0032574
67.5 0.00324012
68.5 0.00322271
69.5 0.00320517
70.5 0.00318749
71.5 0.00316969
72.5 0.00315177
73.5 0.00313373
74.5 0.00311558
75.5 0.00309732
76.5 0.00307896
77.5 0.00306049
78.5 0.00304193
79.5 0.00302328
80.5 0.00300454
81.5 0.00298571
82.5 0.0029668
83.5 0.00294781
84.5 0.00292876
85.5 0.00290963
86.5 0.00289044
87.5 0.00287119
88.5 0.00285188
89.5 0.00283252
90.5 0.00281311
91.5 0.00279366
92.5 0.00277417
93.5 0.00275465
94.5 0.0027351
95.5 0.00271554
96.5 0.00269597
97.5 0.0026764
98.5 0.00265684
99.5 0.00263728
100.5 0.00261775
101.5 0.00259824
102.5 0.00257876
103.5 0.00255933
104.5 0.00253994
105.5 0.0025206
106.5 0.00250133
107.5 0.00248213
108.5 0.002463
109.5 0.00244395
110.5 0.00242499
111.5 0.00240613
112.5 0.00238737
113.5 0.00236873
114.5 0.0023502
115.5 0.00233179
116.5 0.00231352
117.5 0.00229539
118.5 0.0022774
119.5 0.00225956
120.5 0.00224189
121.5 0.00222438
122.5 0.00220704
123.5 0.00218989
124.5 0.00217293
125.5 0.00215615
126.5 0.00213959
127.5 0.00212323
128.5 0.00210709
129.5 0.00209117
130.5 0.00207548
131.5 0.00206003
132.5 0.00204482
133.5 0.00202986
134.5 0.00201516
135.5 0.00200073
136.5 0.00198657
137.5 0.00197269
138.5 0.0019591
139.5 0.0019458
140.5 0.00193281
141.5 0.00192011
142.5 0.00190774
143.5 0.00189569
144.5 0.00188396
145.5 0.00187257
146.5 0.00186153
147.5 0.00185083
148.5 0.00184049
149.5 0.00183052
150.5 0.00182092
151.5 0.00181169
152.5 0.00180285
153.5 0.00179441
154.5 0.00178636
155.5 0.00177872
156.5 0.00177149
157.5 0.00176468
158.5 0.0017583
159.5 0.00175236
160.5 0.00174685
161.5 0.0017418
162.5 0.0017372
163.5 0.00173307
164.5 0.0017294
165.5 0.00172621
166.5 0.0017235
167.5 0.00172129
168.5 0.00171957
169.5 0.00171836
170.5 0.00171766
171.5 0.00171748
172.5 0.00171783
173.5 0.00171871
174.5 0.00172013
175.5 0.0017221
176.5 0.00172462
177.5 0.0017277
178.5 0.00173135
179.5 0.00173558
