# theta	P(theta)
-179.5 0.00280167
-178.5 0.00285379
-177.5 0.00288268
-176.5 0.00289594
-175.5 0.00290051
-174.5 0.00290057
-173.5 0.00289966
-172.5 0.00290055
-171.5 0.00290306
-170.5 0.00290625
-169.5 0.0029092
-168.5 0.00291099
-167.5 0.00291068
-166.5 0.0029084
-165.5 0.00290848
-164.5 0.0029163
-163.5 0.00293533
-162.5 0.00296131
-161.5 0.00298806
-160.5 0.00301028
-159.5 0.00302609
-158.5 0.00303447
-157.5 0.00303442
-156.5 0.00302492
-155.5 0.00300678
-154.5 0.00298818
-153.5 0.00297908
-152.5 0.00298597
-151.5 0.00300124
-150.5 0.00301378
-149.5 0.00301507
-148.5 0.00300701
-147.5 0.0029941
-146.5 0.00298084
-145.5 0.00297174
-144.5 0.00297016
-143.5 0.00297491
-142.5 0.00298366
-141.5 0.00299409
-140.5 0.00300387
-139.5 0.00301067
-138.5 0.00301265
-137.5 0.00300993
-136.5 0.00300312
-135.5 0.00299283
-134.5 0.00297965
-133.5 0.00296435
-132.5 0.00294826
-131.5 0.00293289
-130.5 0.00291982
-129.5 0.00291109
-128.5 0.00290884
-127.5 0.00291381
-126.5 0.00292106
-125.5 0.00292427
-124.5 0.00291881
-123.5 0.00290699
-122.5 0.00289267
-121.5 0.00287851
-120.5 0.00286507
-119.5 0.0028524
-118.5 0.00284085
-117.5 0.00283205
-116.5 0.00282795
-115.5 0.00282974
-114.5 0.00283573
-113.5 0.00284346
-112.5 0.00285049
-111.5 0.00285438
-110.5 0.00285325
-109.5 0.00284753
-108.5 0.00283823
-107.5 0.00282634
-106.5 0.00281287
-105.5 0.00279881
-104.5 0.00278518
-103.5 0.00277297
-102.5 0.00276317
-101.5 0.00275681
-100.5 0.00275487
-99.5 0.00275731
-98.5 0.00275995
-97.5 0.00275754
-96.5 0.00274669
-95.5 0.00273136
-94.5 0.00271737
-93.5 0.00270927
-92.5 0.00270668
-91.5 0.00270799
-90.5 0.00271156
-89.5 0.00271578
-88.5 0.00271928
-87.5 0.00272166
-86.5 0.00272281
-85.5 0.00272258
-84.5 0.00272085
-83.5 0.00271748
-82.5 0.00271284
-81.5 0.00270923
-80.5 0.00270944
-79.5 0.00271627
-78.5 0.00273251
-77.5 0.00276097
-76.5 0.00280092
-75.5 0.00283758
-74.5 0.00285266
-73.5 0.00283384
-72.5 0.00279278
-71.5 0.00274713
-70.5 0.00271212
-69.5 0.00269336
-68.5 0.00269403
-67.5 0.0027139
-66.5 0.00273905
-65.5 0.00275576
-64.5 0.00276486
-63.5 0.00277086
-62.5 0.00277732
-61.5 0.00278412
-60.5 0.00279021
-59.5 0.00279444
-58.5 0.00279512
-57.5 0.00279042
-56.5 0.00278005
-55.5 0.0027698
-54.5 0.00276546
-53.5 0.00276678
-52.5 0.00277199
-51.5 0.00277933
-50.5 0.00278703
-49.5 0.00279333
-48.5 0.00279689
-47.5 0.00279804
-46.5 0.00279756
-45.5 0.00279621
-44.5 0.00279477
-43.5 0.00279368
-42.5 0.00279217
-41.5 0.00278913
-40.5 0.00278346
-39.5 0.00277406
-38.5 0.00275983
-37.5 0.00274113
-36.5 0.00272413
-35.5 0.00271646
-34.5 0.00272318
-33.5 0.00273905
-32.5 0.00275626
-31.5 0.00276841
-30.5 0.00277464
-29.5 0.0027755
-28.5 0.00277153
-27.5 0.00276328
-26.5 0.00275129
-25.5 0.00273629
-24.5 0.00271966
-23.5 0.00270299
-22.5 0.00268785
-21.5 0.0026758
-20.5 0.00266801
-19.5 0.00266399
-18.5 0.00266283
-17.5 0.00266363
-16.5 0.00266549
-15.5 0.0026675
-14.5 0.00266876
-13.5 0.00266836
-12.5 0.00266541
-11.5 0.00265899
-10.5 0.00264821
-9.5 0.0026326
-8.5 0.00261346
-7.5 0.00259252
-6.5 0.0025718
-5.5 0.00255432
-4.5 0.00254338
-3.5 0.00254136
-2.5 0.00254699
-1.5 0.00255809
-0.5 0.00257249
0.5 0.00258801
1.5 0.00260274
2.5 0.00261586
3.5 0.00262679
4.5 0.00263498
5.5 0.00263987
6.5 0.00264091
7.5 0.00263789
8.5 0.00263212
9.5 0.00262528
10.5 0.00261901
11.5 0.00261501
12.5 0.00261493
13.5 0.00261992
14.5 0.00262905
15.5 0.00264084
16.5 0.00265383
17.5 0.00266657
18.5 0.00267758
19.5 0.00268541
20.5 0.00268858
21.5 0.00268565
22.5 0.00267513
23.5 0.00265558
24.5 0.0026282
25.5 0.00260499
26.5 0.00260058
27.5 0.0026242
28.5 0.00266332
29.5 0.00269997
30.5 0.00272001
31.5 0.0027246
32.5 0.00271875
33.5 0.00270743
34.5 0.00269567
35.5 0.00268744
36.5 0.00268275
37.5 0.00268061
38.5 0.00268003
39.5 0.00268001
40.5 0.00267955
41.5 0.0026781
42.5 0.00267685
43.5 0.00267744
44.5 0.00268148
45.5 0.00269063
46.5 0.00270565
47.5 0.00272394
48.5 0.00274204
49.5 0.00275649
50.5 0.00276384
51.5 0.00276062
52.5 0.00274539
53.5 0.00272469
54.5 0.00270708
55.5 0.00269901
56.5 0.00269849
57.5 0.00270142
58.5 0.00270434
59.5 0.00270637
60.5 0.00270728
61.5 0.00270682
62.5 0.00270476
63.5 0.00270088
64.5 0.00269504
65.5 0.00268764
66.5 0.00267918
67.5 0.00267015
68.5 0.00266106
69.5 0.00265257
70.5 0.002646
71.5 0.0026428
72.5 0.0026437
73.5 0.00264633
74.5 0.00264758
75.5 0.00264513
76.5 0.0026397
77.5 0.0026328
78.5 0.00262604
79.5 0.00262148
80.5 0.00262071
81.5 0.0026231
82.5 0.00262748
83.5 0.00263267
84.5 0.00263748
85.5 0.00264074
86.5 0.00264144
87.5 0.00263937
88.5 0.00263449
89.5 0.00262674
90.5 0.0026161
91.5 0.00260319
92.5 0.00259124
93.5 0.00258418
94.5 0.00258501
95.5 0.00259309
96.5 0.00260687
97.5 0.0026247
98.5 0.00264452
99.5 0.00266413
100.5 0.00268138
101.5 0.00269407
102.5 0.00270004
103.5 0.00269807
104.5 0.00269075
105.5 0.00268164
106.5 0.00267427
107.5 0.00267221
108.5 0.00267901
109.5 0.00269618
110.5 0.00271731
111.5 0.00273522
112.5 0.00274698
113.5 0.00275439
114.5 0.00275961
115.5 0.00276237
116.5 0.00276177
117.5 0.00275781
118.5 0.00275402
119.5 0.00275485
120.5 0.00276333
121.5 0.00277702
122.5 0.00279207
123.5 0.00280466
124.5 0.00281093
125.5 0.00280884
126.5 0.0028034
127.5 0.00280144
128.5 0.0028076
129.5 0.00281788
130.5 0.00282612
131.5 0.00282785
132.5 0.00282527
133.5 0.00282226
134.5 0.00282269
135.5 0.00283043
136.5 0.00284807
137.5 0.00287293
138.5 0.00290105
139.5 0.00292847
140.5 0.00295121
141.5 0.00296532
142.5 0.00296801
143.5 0.00296131
144.5 0.00294843
145.5 0.0029326
146.5 0.00291703
147.5 0.00290437
148.5 0.00289495
149.5 0.00288856
150.5 0.00288496
151.5 0.00288392
152.5 0.00288522
153.5 0.00288863
154.5 0.00289391
155.5 0.00290084
156.5 0.0029092
157.5 0.00291874
158.5 0.00292884
159.5 0.00293716
160.5 0.00294097
161.5 0.00293857
162.5 0.00293241
163.5 0.00292598
164.5 0.00292188
165.5 0.00291918
166.5 0.00291608
167.5 0.00291104
168.5 0.00290358
169.5 0.00289384
170.5 0.00288344
171.5 0.00287433
172.5 0.00286849
173.5 0.0028679
174.5 0.00287453
175.5 0.00288796
176.5 0.00289817
177.5 0.00289276
178.5 0.00285933
179.5 0.00278547
