# r	rdf(r)
0.015 0.00100485
0.045 0.00100485
0.075 0.00100485
0.105 0.00100485
0.135 0.00100485
0.165 0.00100485
0.195 0.00100485
0.225 0.00100485
0.255 0.00100485
0.285 0.00100485
0.315 0.00100485
0.345 0.00100485
0.375 0.00100485
0.405 0.00100485
0.435 0.00100485
0.465 0.00100485
0.495 0.00100485
0.525 0.00100485
0.555 0.00100485
0.585 0.00100485
0.615 0.00100485
0.645 0.00100485
0.675 0.00100485
0.705 0.00100485
0.735 0.00100485
0.765 0.00100485
0.795 0.00100485
0.825 0.00100485
0.855 0.00100485
0.885 0.00100485
0.915 0.00100485
0.945 0.00100485
0.975 0.00100485
1.005 0.00100485
1.035 0.00100485
1.065 0.00100485
1.095 0.00100485
1.125 0.00100485
1.155 0.00100485
1.185 0.00100485
1.215 0.00100485
1.245 0.00100485
1.275 0.00100485
1.305 0.00100485
1.335 0.00100485
1.365 0.00100485
1.395 0.00100485
1.425 0.00100485
1.455 0.00100485
1.485 0.00100485
1.515 0.00100485
1.545 0.00100485
1.575 0.00100485
1.605 0.00100485
1.635 0.00100485
1.665 0.00100485
1.695 0.00100485
1.725 0.00100485
1.755 0.00100485
1.785 0.00100485
1.815 0.00100485
1.845 0.00100485
1.875 0.00100485
1.905 0.00100485
1.935 0.00100485
1.965 0.00100485
1.995 0.00100485
2.025 0.00100485
2.055 0.00100485
2.085 0.00100485
2.115 0.00100485
2.145 0.00100485
2.175 0.00100485
2.205 0.00100485
2.235 0.00100485
2.265 0.00100485
2.295 0.00100485
2.325 0.00100485
2.355 0.00100485
2.385 0.00100485
2.415 0.00100485
2.445 0.00100485
2.475 0.00100485
2.505 0.00100485
2.535 0.00100485
2.565 0.00100485
2.595 0.00100485
2.625 0.00100485
2.655 0.00100485
2.685 0.00100485
2.715 0.00100485
2.745 0.00100485
2.775 0.00100485
2.805 0.00100485
2.835 0.00100485
2.865 0.00100485
2.895 0.00100485
2.925 0.00100485
2.955 0.00100485
2.985 0.00100485
3.015 0.00100485
3.045 0.00100485
3.075 0.00100485
3.105 0.00100485
3.135 0.00100485
3.165 0.00100485
3.195 0.00100485
3.225 0.00100485
3.255 0.00100485
3.285 0.00100485
3.315 0.00100485
3.345 0.00100485
3.375 0.00100485
3.405 0.00100485
3.435 0.00100485
3.465 0.00100485
3.495 0.00100485
3.525 0.00100485
3.555 0.00100485
3.585 0.00100485
3.615 0.00100485
3.645 0.00100485
3.675 0.00104411
3.705 0.00100485
3.735 0.00170586
3.765 0.0013141
3.795 0.00227985
3.825 0.00296984
3.855 0.00390342
3.885 0.00547174
3.915 0.00738602
3.945 0.0082974
3.975 0.00924732
4.005 0.0115274
4.035 0.0145973
4.065 0.0176439
4.095 0.0205935
4.125 0.0235577
4.155 0.0266299
4.185 0.0298315
4.215 0.0331661
4.245 0.0366372
4.275 0.0402483
4.305 0.044003
4.335 0.0479047
4.365 0.0519569
4.395 0.0561632
4.425 0.0605271
4.455 0.0650521
4.485 0.0697417
4.515 0.0745994
4.545 0.0796287
4.575 0.0848333
4.605 0.090218
4.635 0.0957875
4.665 0.101547
4.695 0.1075
4.725 0.113653
4.755 0.12001
4.785 0.126577
4.815 0.133357
4.845 0.140355
4.875 0.147578
4.905 0.155028
4.935 0.162712
4.965 0.170634
4.995 0.178794
5.025 0.187167
5.055 0.195726
5.085 0.20444
5.115 0.213283
5.145 0.222224
5.175 0.231234
5.205 0.240286
5.235 0.24935
5.265 0.258396
5.295 0.267397
5.325 0.276324
5.355 0.285147
5.385 0.293842
5.415 0.302403
5.445 0.310826
5.475 0.31911
5.505 0.327251
5.535 0.335248
5.565 0.343098
5.595 0.350798
5.625 0.358346
5.655 0.365739
5.685 0.372975
5.715 0.380052
5.745 0.386967
5.775 0.393717
5.805 0.400301
5.835 0.406715
5.865 0.412957
5.895 0.419024
5.925 0.424915
5.955 0.430627
5.985 0.436156
6.015 0.441502
6.045 0.44666
6.075 0.45163
6.105 0.456407
6.135 0.460991
6.165 0.465377
6.195 0.469565
6.225 0.473553
6.255 0.477348
6.285 0.480959
6.315 0.484394
6.345 0.487663
6.375 0.490775
6.405 0.493737
6.435 0.496559
6.465 0.499249
6.495 0.501817
6.525 0.504271
6.555 0.50662
6.585 0.508872
6.615 0.511037
6.645 0.513123
6.675 0.515139
6.705 0.517094
6.735 0.518996
6.765 0.520854
6.795 0.522678
6.825 0.524475
6.855 0.526255
6.885 0.528026
6.915 0.529797
6.945 0.531577
6.975 0.533375
7.005 0.535199
7.035 0.537058
7.065 0.538955
7.095 0.540894
7.125 0.542878
7.155 0.544911
7.185 0.546996
7.215 0.549136
7.245 0.551335
7.275 0.553596
7.305 0.555922
7.335 0.558317
7.365 0.560785
7.395 0.563327
7.425 0.565949
7.455 0.568653
7.485 0.571442
7.515 0.574321
7.545 0.577291
7.575 0.580357
7.605 0.583523
7.635 0.58679
7.665 0.590163
7.695 0.593646
7.725 0.597241
7.755 0.600951
7.785 0.604781
7.815 0.608733
7.845 0.612811
7.875 0.617016
7.905 0.621341
7.935 0.625775
7.965 0.63031
7.995 0.634935
8.025 0.639641
8.055 0.644419
8.085 0.649258
8.115 0.654149
8.145 0.659082
8.175 0.664048
8.205 0.669036
8.235 0.674039
8.265 0.679044
8.295 0.684044
8.325 0.689028
8.355 0.693986
8.385 0.69891
8.415 0.703789
8.445 0.708613
8.475 0.713374
8.505 0.718061
8.535 0.722665
8.565 0.727175
8.595 0.731583
8.625 0.735879
8.655 0.740053
8.685 0.744097
8.715 0.748012
8.745 0.7518
8.775 0.755464
8.805 0.759006
8.835 0.762429
8.865 0.765735
8.895 0.768926
8.925 0.772006
8.955 0.774976
8.985 0.777839
9.015 0.780597
9.045 0.783253
9.075 0.78581
9.105 0.788269
9.135 0.790633
9.165 0.792905
9.195 0.795088
9.225 0.797182
9.255 0.799192
9.285 0.801119
9.315 0.802966
9.345 0.804736
9.375 0.80643
9.405 0.808052
9.435 0.809604
9.465 0.811087
9.495 0.812506
9.525 0.813861
9.555 0.815156
9.585 0.816393
9.615 0.817575
9.645 0.818703
9.675 0.819781
9.705 0.820811
9.735 0.821795
9.765 0.822735
9.795 0.823635
9.825 0.824497
9.855 0.825323
9.885 0.826115
9.915 0.826876
9.945 0.827609
9.975 0.828316
10.005 0.828999
10.035 0.829661
10.065 0.830305
10.095 0.830932
10.125 0.831545
10.155 0.832147
10.185 0.83274
10.215 0.833327
10.245 0.83391
10.275 0.834491
10.305 0.835072
10.335 0.835655
10.365 0.836239
10.395 0.836823
10.425 0.837409
10.455 0.837995
10.485 0.838582
10.515 0.83917
10.545 0.839758
10.575 0.840348
10.605 0.840938
10.635 0.841529
10.665 0.842121
10.695 0.842713
10.725 0.843307
10.755 0.8439
10.785 0.844495
10.815 0.84509
10.845 0.845686
10.875 0.846283
10.905 0.84688
10.935 0.847477
10.965 0.848075
10.995 0.848674
11.025 0.849274
11.055 0.849873
11.085 0.850474
11.115 0.851075
11.145 0.851676
11.175 0.852278
11.205 0.85288
11.235 0.853483
11.265 0.854086
11.295 0.854689
11.325 0.855293
11.355 0.855897
11.385 0.856501
11.415 0.857106
11.445 0.857711
11.475 0.858317
11.505 0.858922
11.535 0.859528
11.565 0.860134
11.595 0.860741
11.625 0.861347
11.655 0.861954
11.685 0.862561
11.715 0.863168
11.745 0.863775
11.775 0.864382
11.805 0.864989
11.835 0.865597
11.865 0.866204
11.895 0.866812
11.925 0.86742
11.955 0.868027
11.985 0.868635
12.015 0.869242
12.045 0.86985
12.075 0.870457
12.105 0.871065
12.135 0.871672
12.165 0.872279
12.195 0.872886
12.225 0.873493
12.255 0.8741
12.285 0.874707
12.315 0.875313
12.345 0.87592
12.375 0.876526
12.405 0.877131
12.435 0.877737
12.465 0.878342
12.495 0.878947
12.525 0.879552
12.555 0.880156
12.585 0.88076
12.615 0.881364
12.645 0.881967
12.675 0.88257
12.705 0.883172
12.735 0.883774
12.765 0.884376
12.795 0.884977
12.825 0.885577
12.855 0.886177
12.885 0.886777
12.915 0.887376
12.945 0.887975
12.975 0.888573
13.005 0.88917
13.035 0.889767
13.065 0.890363
13.095 0.890959
13.125 0.891554
13.155 0.892148
13.185 0.892741
13.215 0.893334
13.245 0.893926
13.275 0.894518
13.305 0.895109
13.335 0.895698
13.365 0.896288
13.395 0.896876
13.425 0.897463
13.455 0.89805
13.485 0.898636
13.515 0.899221
13.545 0.899805
13.575 0.900388
13.605 0.90097
13.635 0.901552
13.665 0.902132
13.695 0.902711
13.725 0.90329
13.755 0.903867
13.785 0.904444
13.815 0.905019
13.845 0.905593
13.875 0.906167
13.905 0.906739
13.935 0.90731
13.965 0.90788
13.995 0.908448
14.025 0.909016
14.055 0.909582
14.085 0.910148
14.115 0.910712
14.145 0.911275
14.175 0.911836
14.205 0.912397
14.235 0.912956
14.265 0.913513
14.295 0.91407
14.325 0.914625
14.355 0.915179
14.385 0.915731
14.415 0.916282
14.445 0.916832
14.475 0.91738
14.505 0.917927
14.535 0.918472
14.565 0.919016
14.595 0.919559
14.625 0.9201
14.655 0.920639
14.685 0.921177
14.715 0.921714
14.745 0.922248
14.775 0.922782
14.805 0.923313
14.835 0.923843
14.865 0.924372
14.895 0.924899
14.925 0.925424
14.955 0.925947
14.985 0.926469
15.015 0.926989
15.045 0.927507
15.075 0.928024
15.105 0.928538
15.135 0.929051
15.165 0.929562
15.195 0.930072
15.225 0.930579
15.255 0.931085
15.285 0.931589
15.315 0.932091
15.345 0.932591
15.375 0.933089
15.405 0.933585
15.435 0.934079
15.465 0.934572
15.495 0.935062
15.525 0.93555
15.555 0.936037
15.585 0.936521
15.615 0.937003
15.645 0.937483
15.675 0.937961
15.705 0.938437
15.735 0.938911
15.765 0.939382
15.795 0.939852
15.825 0.940319
15.855 0.940784
15.885 0.941247
15.915 0.941708
15.945 0.942167
15.975 0.942623
16.005 0.943077
16.035 0.943528
16.065 0.943978
16.095 0.944425
16.125 0.944869
16.155 0.945312
16.185 0.945752
16.215 0.946189
16.245 0.946625
16.275 0.947057
16.305 0.947488
16.335 0.947915
16.365 0.948341
16.395 0.948764
16.425 0.949184
16.455 0.949602
16.485 0.950017
16.515 0.95043
16.545 0.95084
16.575 0.951248
16.605 0.951653
16.635 0.952055
16.665 0.952455
16.695 0.952852
16.725 0.953246
16.755 0.953638
16.785 0.954026
16.815 0.954413
16.845 0.954796
16.875 0.955177
16.905 0.955555
16.935 0.95593
16.965 0.956302
16.995 0.956672
17.025 0.957039
17.055 0.957403
17.085 0.957765
17.115 0.958124
17.145 0.95848
17.175 0.958834
17.205 0.959185
17.235 0.959533
17.265 0.959879
17.295 0.960222
17.325 0.960563
17.355 0.960901
17.385 0.961236
17.415 0.961569
17.445 0.961899
17.475 0.962227
17.505 0.962552
17.535 0.962874
17.565 0.963194
17.595 0.963512
17.625 0.963827
17.655 0.964139
17.685 0.964449
17.715 0.964757
17.745 0.965062
17.775 0.965365
17.805 0.965665
17.835 0.965963
17.865 0.966258
17.895 0.966551
17.925 0.966842
17.955 0.96713
17.985 0.967416
18.015 0.9677
18.045 0.967981
18.075 0.96826
18.105 0.968536
18.135 0.96881
18.165 0.969082
18.195 0.969352
18.225 0.969619
18.255 0.969884
18.285 0.970147
18.315 0.970407
18.345 0.970665
18.375 0.970921
18.405 0.971175
18.435 0.971426
18.465 0.971676
18.495 0.971923
18.525 0.972168
18.555 0.972411
18.585 0.972651
18.615 0.97289
18.645 0.973126
18.675 0.97336
18.705 0.973592
18.735 0.973822
18.765 0.97405
18.795 0.974276
18.825 0.9745
18.855 0.974721
18.885 0.974941
18.915 0.975158
18.945 0.975374
18.975 0.975587
19.005 0.975799
19.035 0.976008
19.065 0.976216
19.095 0.976421
19.125 0.976625
19.155 0.976826
19.185 0.977026
19.215 0.977223
19.245 0.977419
19.275 0.977613
19.305 0.977805
19.335 0.977995
19.365 0.978183
19.395 0.978369
19.425 0.978554
19.455 0.978736
19.485 0.978917
19.515 0.979096
19.545 0.979273
19.575 0.979448
19.605 0.979621
19.635 0.979793
19.665 0.979963
19.695 0.980131
19.725 0.980297
19.755 0.980461
19.785 0.980624
19.815 0.980785
19.845 0.980945
19.875 0.981102
19.905 0.981258
19.935 0.981412
19.965 0.981565
19.995 0.981716
20.025 0.981865
20.055 0.982013
20.085 0.982159
20.115 0.982303
20.145 0.982446
20.175 0.982587
20.205 0.982727
20.235 0.982865
20.265 0.983001
20.295 0.983136
20.325 0.983269
20.355 0.983401
20.385 0.983531
20.415 0.98366
20.445 0.983787
20.475 0.983913
20.505 0.984037
20.535 0.984159
20.565 0.984281
20.595 0.984401
20.625 0.984519
20.655 0.984636
20.685 0.984751
20.715 0.984865
20.745 0.984978
20.775 0.985089
20.805 0.985199
20.835 0.985308
20.865 0.985415
20.895 0.985521
20.925 0.985625
20.955 0.985729
20.985 0.98583
21.015 0.985931
21.045 0.98603
21.075 0.986128
21.105 0.986225
21.135 0.98632
21.165 0.986414
21.195 0.986507
21.225 0.986599
21.255 0.986689
21.285 0.986779
21.315 0.986867
21.345 0.986954
21.375 0.987039
21.405 0.987124
21.435 0.987207
21.465 0.987289
21.495 0.98737
21.525 0.98745
21.555 0.987529
21.585 0.987607
21.615 0.987684
21.645 0.987759
21.675 0.987834
21.705 0.987907
21.735 0.987979
21.765 0.988051
21.795 0.988121
21.825 0.98819
21.855 0.988258
21.885 0.988325
21.915 0.988392
21.945 0.988457
21.975 0.988521
22.005 0.988585
22.035 0.988647
22.065 0.988708
22.095 0.988769
22.125 0.988829
22.155 0.988887
22.185 0.988945
22.215 0.989002
22.245 0.989058
22.275 0.989113
22.305 0.989167
22.335 0.989221
22.365 0.989274
22.395 0.989325
22.425 0.989376
22.455 0.989427
22.485 0.989476
22.515 0.989525
22.545 0.989573
22.575 0.98962
22.605 0.989666
22.635 0.989712
22.665 0.989757
22.695 0.989801
22.725 0.989844
22.755 0.989887
22.785 0.989929
22.815 0.98997
22.845 0.990011
22.875 0.990051
22.905 0.990091
22.935 0.99013
22.965 0.990168
22.995 0.990205
23.025 0.990242
23.055 0.990279
23.085 0.990315
23.115 0.99035
23.145 0.990385
23.175 0.990419
23.205 0.990452
23.235 0.990486
23.265 0.990518
23.295 0.99055
23.325 0.990582
23.355 0.990613
23.385 0.990643
23.415 0.990674
23.445 0.990703
23.475 0.990733
23.505 0.990761
23.535 0.99079
23.565 0.990818
23.595 0.990845
23.625 0.990873
23.655 0.9909
23.685 0.990926
23.715 0.990952
23.745 0.990978
23.775 0.991003
23.805 0.991028
23.835 0.991053
23.865 0.991078
23.895 0.991102
23.925 0.991126
23.955 0.991149
23.985 0.991173
24.015 0.991196
24.045 0.991219
24.075 0.991241
24.105 0.991264
24.135 0.991286
24.165 0.991308
24.195 0.99133
24.225 0.991351
24.255 0.991373
24.285 0.991394
24.315 0.991415
24.345 0.991437
24.375 0.991457
24.405 0.991478
24.435 0.991499
24.465 0.99152
24.495 0.99154
24.525 0.99156
24.555 0.991581
24.585 0.991601
24.615 0.991622
24.645 0.991642
24.675 0.991662
24.705 0.991682
24.735 0.991702
24.765 0.991723
24.795 0.991743
24.825 0.991763
24.855 0.991784
24.885 0.991804
24.915 0.991825
24.945 0.991845
24.975 0.991866
25.005 0.991886
25.035 0.991907
25.065 0.991928
25.095 0.991949
25.125 0.99197
25.155 0.991992
25.185 0.992013
25.215 0.992035
25.245 0.992057
25.275 0.992079
25.305 0.992101
25.335 0.992124
25.365 0.992146
25.395 0.992169
25.425 0.992193
25.455 0.992216
25.485 0.99224
25.515 0.992264
25.545 0.992288
25.575 0.992312
25.605 0.992337
25.635 0.992363
25.665 0.992388
25.695 0.992414
25.725 0.99244
25.755 0.992467
25.785 0.992494
25.815 0.992521
25.845 0.992549
25.875 0.992577
25.905 0.992605
25.935 0.992634
25.965 0.992664
25.995 0.992693
26.025 0.992724
26.055 0.992754
26.085 0.992786
26.115 0.992817
26.145 0.992849
26.175 0.992882
26.205 0.992915
26.235 0.992949
26.265 0.992983
26.295 0.993018
26.325 0.993054
26.355 0.99309
26.385 0.993126
26.415 0.993163
26.445 0.993201
26.475 0.99324
26.505 0.993279
26.535 0.993318
26.565 0.993358
26.595 0.993399
26.625 0.993441
26.655 0.993483
26.685 0.993526
26.715 0.99357
26.745 0.993614
26.775 0.993659
26.805 0.993705
26.835 0.993752
26.865 0.993799
26.895 0.993847
26.925 0.993896
26.955 0.993946
26.985 0.993996
27.015 0.994047
27.045 0.994099
27.075 0.994152
27.105 0.994206
27.135 0.99426
27.165 0.994316
27.195 0.994372
27.225 0.994429
27.255 0.994487
27.285 0.994546
27.315 0.994606
27.345 0.994667
27.375 0.994728
27.405 0.994791
27.435 0.994854
27.465 0.994919
27.495 0.994984
27.525 0.995051
27.555 0.995118
27.585 0.995187
27.615 0.995256
27.645 0.995327
27.675 0.995398
27.705 0.995471
27.735 0.995545
27.765 0.995619
27.795 0.995695
27.825 0.995772
27.855 0.99585
27.885 0.995929
27.915 0.996009
27.945 0.996091
27.975 0.996173
28.005 0.996257
28.035 0.996342
28.065 0.996428
28.095 0.996515
28.125 0.996603
28.155 0.996693
28.185 0.996784
28.215 0.996876
28.245 0.996969
28.275 0.997063
28.305 0.997159
28.335 0.997256
28.365 0.997354
28.395 0.997454
28.425 0.997555
28.455 0.997657
28.485 0.997761
28.515 0.997865
28.545 0.997972
28.575 0.998079
28.605 0.998188
28.635 0.998298
28.665 0.99841
28.695 0.998523
28.725 0.998637
28.755 0.998753
28.785 0.998871
28.815 0.998989
28.845 0.999109
28.875 0.999231
28.905 0.999354
28.935 0.999479
28.965 0.999605
28.995 0.999732
29.025 0.999862
29.055 0.999992
29.085 1.00012
29.115 1.00026
29.145 1.00039
29.175 1.00053
29.205 1.00067
29.235 1.00081
29.265 1.00095
29.295 1.00109
29.325 1.00124
29.355 1.00138
29.385 1.00153
29.415 1.00168
29.445 1.00183
29.475 1.00199
29.505 1.00214
29.535 1.0023
29.565 1.00246
29.595 1.00262
29.625 1.00278
29.655 1.00294
29.685 1.0031
29.715 1.00327
29.745 1.00344
29.775 1.00361
29.805 1.00378
29.835 1.00396
29.865 1.00413
29.895 1.00431
29.925 1.00449
29.955 1.00467
29.985 1.00485
